31
24
54
61
11
65
14
8
44
35
64
57
30
36
19
21
18
36
36
53
9
45
17
6
65
36
35
40
15
60
68
17
8
50
28
32
33
47
45
62
14
38
64
40
56
28
26
36
35
10
49
50
37
32
3
26
19
38
59
12
53
1
44
54
24
24
60
27
31
38
18
48
62
55
67
10
1
41
48
4
22
29
14
19
32
60
1
19
30
62
42
18
21
32
54
66
30
33
16
58
65
63
31
48
74
75
75
42
67
80
74
55
72
47
70
55
70
55
44
23
79
87
71
86
87
81
48
28
71
42
69
66
78
42
18
42
52
50
36
68
30
63
30
76
30
51
36
76
87
82
85
87
49
69
55
27
34
50
40
61
83
70
86
45
71
35
66
83
61
61
71
73
59
25
85
79
68
37
85
56
44
57
82
51
56
57
47
38
48
22
68
41
54
87
59
45
63
81
55
42
23
65
82
56
48
45
77
43
54
19
79
39
45
55
82
40
63
66
69
49
27
77
25
18
84
46
68
30
82
71
53
69
68
48
86
73
57
61
80
31
31
59
69
23
19
66
71
56
72
52
48
71
63
30
39
62
77
29
72
66
81
48
39
41
60
33
80
52
85
78
49
24
31
44
28
25
67
26
57
70
86
79
34
31
18
60
59
32
51
21
61
52
86
48
54
83
66
41
54
52
18
38
57
64
60
28
80
25
60
84
20
53
23
68
19
33
36
36
25
84
64
63
22
26
80
85
29
46
68
66
31
48
75
59
46
54
86
39
50
77
87
36
27
36
68
66
53
82
87
43
56
54
72
57
54
69
45
27
42
68
34
71
47
82
83
69
31
72
57
44
83
73
86
50
81
36
53
41
20
38
28
22
25
61
22
29
85
78
86
33
39
86
23
64
83
83
28
75
23
69
69
68
87
29
53
67
58
77
61
34
72
69
85
54
55
80
29
37
28
65
22
46
60
81
82
63
84
56
70
44
57
76
64
50
37
23
56
61
82
18
49
64
24
82
40
30
66
81
87
46
87
33
38
58
61
46
27
66
62
72
77
65
18
79
35
72
85
30
56
45
76
20
64
40
30
74
35
41
24
55
69
18
42
21
24
53
35
52
86
47
83
76
21
54
41
50
36
40
56
31
29
85
33
66
45
39
84
82
65
18
81
56
30
24
81
28
58
30
82
48
78
40
52
50
43
25
32
67
79
82
84
23
32
55
23
44
74
55
27
83
52
82
22
45
34
23
46
85
58
49
73
26
24
20
18
67
43
37
34
31
35
62
75
28
78
40
78
62
69
26
70
50
71
78
68
39
73
83
20
74
86
81
36
70
60
27
64
70
57
83
53
27
52
78
27
62
27
58
23
18
48
84
51
66
42
62
74
72
29
37
47
33
21
64
57
33
33
75
76
65
44
80
67
48
25
67
20
41
26
70
60
55
85
61
41
67
56
70
29
46
24
80
69
30
43
33
87
76
19
83
60
54
60
68
45
38
35
31
51
70
45
48
70
25
84
27
34
53
42
27
49
31
30
76
41
20
82
53
47
59
39
41
20
58
78
80
82
77
78
64
45
49
67
72
19
51
71
30
71
45
23
68
28
38
19
78
30
77
83
35
54
47
82
54
49
33
39
20
37
29
60
19
36
48
85
63
64
87
49
21
37
23
27
39
71
51
63
29
40
32
47
55
43
74
82
79
20
54
24
79
87
34
32
31
43
39
67
74
47
67
81
78
27
67
74
54
20
41
72
29
44
78
80
47
73
59
78
22
32
31
21
38
65
43
70
21
35
77
84
55
27
36
35
82
33
84
23
25
58
69
37
47
20
44
47
67
20
86
44
52
38
20
80
66
63
66
37
50
49
84
41
61
48
21
54
50
73
58
79
38
65
60
76
85
81
33
73
82
65
83
78
32
49
47
44
61
83
28
62
68
51
67
52
49
75
64
56
58
51
22
53
60
42
79
84
72
65
18
24
62
64
61
59
80
76
32
86
55
46
54
55
29
21
80
59
45
78
59
23
47
56
61
37
72
66
72
26
53
51
19
44
87
74
38
83
34
18
68
62
18
36
74
80
19
55
53
42
56
67
23
32
59
53
41
52
87
50
34
43
53
44
86
68
53
39
34
78
51
60
31
73
84
68
77
50
59
68
67
87
60
79
40
19
80
78
65
60
42
75
67
78
23
43
21
47
20
70
30
74
32
37
35
70
39
87
28
60
57
73
87
69
84
36
83
54
34
28
29
63
57
55
23
85
87
43
26
51
28
29
71
