04 39 23 80 39
08 52 34 38 08
04 36 68 02 06
02 63 42 61 10
05 44 59 84 50
01 44 14 69 10
01 42 31 25 53
02 45 59 19 87
09 07 28 30 84
05 27 20 03 66
08 71 84 56 95
04 38 48 80 68
05 45 07 28 67
02 92 13 68 43
08 82 15 51 72
04 43 45 92 86
01 69 67 33 87
03 45 81 15 95
01 29 54 58 43
02 10 40 28 27
02 92 50 55 34
05 56 17 51 40
09 58 23 11 63
06 26 69 40 19
03 71 35 58 52
03 69 41 01 33
03 26 05 12 36
09 32 79 79 41
02 85 62 34 16
08 38 76 01 71
03 82 09 27 26
09 96 33 31 83
01 05 03 97 75
04 87 33 28 22
02 33 42 74 30
08 63 11 72 09
06 76 43 05 41
08 38 90 83 33
07 74 98 50 22
01 70 74 03 79
06 86 80 21 25
01 84 28 94 49
03 55 96 73 24
04 74 83 52 18
01 75 12 49 44
02 80 97 09 87
04 22 13 53 06
02 77 59 26 05
02 05 68 51 38
02 51 43 16 52
03 96 99 63 23
09 98 39 69 00
01 91 38 58 27
02 00 69 18 73
04 70 82 21 74
05 74 41 68 42
06 61 95 53 86
07 06 15 05 77
01 73 45 10 08
08 43 59 09 65
05 08 20 08 86
05 39 74 64 58
09 93 69 49 34
01 53 57 21 32
02 98 31 70 47
01 34 49 52 09
08 29 25 18 08
02 77 64 84 53
01 82 13 64 93
04 00 20 70 55
01 09 83 10 44
02 01 35 02 18
05 85 68 87 00
04 71 01 04 75
06 36 38 75 15
09 59 10 35 57
05 50 20 73 61
02 07 52 69 49
04 30 20 71 79
06 54 16 56 64
07 82 23 22 08
07 08 83 40 68
06 50 47 98 05
03 14 28 39 96
06 87 51 47 11
01 84 12 28 68
03 13 09 28 59
03 15 68 93 55
03 32 40 59 98
09 45 23 14 80
05 22 97 46 62
01 43 67 36 75
05 71 51 17 05
04 41 58 62 69
06 01 25 07 53
08 10 21 84 84
02 04 82 41 85
02 92 77 15 31
05 23 36 22 25
04 74 36 26 79
07 50 83 36 12
02 96 87 43 81
03 54 92 64 91
06 45 75 60 22
05 04 74 93 63
08 69 38 83 49
08 34 90 59 06
06 33 63 78 95
01 74 36 76 22
05 65 56 23 08
04 30 03 68 79
08 42 45 76 46
06 84 23 79 23
01 92 18 35 32
09 88 47 27 93
07 37 69 01 24
03 56 17 65 10
05 70 23 76 27
02 08 29 25 98
04 20 11 53 62
02 46 25 76 80
06 37 14 48 91
08 35 40 86 66
07 89 77 94 51
02 67 31 27 24
03 60 77 74 31
09 74 68 42 81
09 74 70 41 93
02 86 95 73 75
04 67 94 97 51
04 56 72 42 79
04 60 33 09 90
02 15 67 41 36
04 89 91 95 39
08 52 11 98 22
04 95 73 33 75
05 18 49 46 66
09 03 93 03 22
06 18 19 94 61
06 05 16 70 92
07 15 13 30 45
07 97 18 67 72
04 13 11 85 56
06 35 59 33 39
05 72 19 64 14
08 94 58 07 19
01 48 90 64 25
01 09 52 21 75
09 91 29 42 13
05 65 66 29 74
07 05 11 49 42
03 41 89 86 76
05 27 51 37 72
07 84 80 36 12
03 54 86 32 95
07 14 23 05 94
01 77 80 98 64
02 77 13 08 45
09 94 21 88 70
03 12 06 25 77
02 66 20 62 60
05 07 34 28 95
04 56 08 28 25
03 46 06 36 39
03 16 51 01 37
06 11 67 12 26
04 50 36 68 75
07 93 16 73 70
05 86 23 36 28
08 62 70 30 77
04 53 44 22 64
09 15 96 10 23
01 88 78 70 88
06 16 69 33 44
02 59 24 40 32
07 12 92 88 62
05 12 36 53 44
02 61 48 04 48
08 46 71 90 05
06 17 41 43 55
09 40 81 49 97
08 25 76 03 43
05 74 96 73 21
03 50 94 99 27
08 06 25 69 18
05 44 29 76 29
04 52 21 02 06
04 84 36 86 17
07 83 00 94 04
09 44 53 20 40
06 08 38 38 37
05 18 49 81 04
03 98 06 71 10
05 35 28 74 06
01 69 83 58 55
02 12 97 69 43
04 80 20 38 81
06 53 11 50 71
07 38 81 25 56
01 64 69 30 47
09 68 04 90 99
04 01 14 39 33
03 29 24 79 44
09 02 95 22 11
03 67 45 61 91
03 18 00 89 75
04 74 56 65 99
01 36 34 26 45
05 36 25 61 67
07 61 31 79 95
06 25 03 21 94
05 64 32 16 01
09 33 02 69 21
03 77 99 56 12
04 02 81 25 35
08 78 90 62 01
06 51 32 48 19
09 56 70 85 43
04 85 01 61 54
01 87 38 28 64
04 49 63 00 49
08 23 00 23 66
06 98 83 44 01
06 98 24 78 11
08 40 81 37 06
02 91 29 76 52
02 89 56 10 04
06 86 23 63 26
08 19 43 79 93
09 79 51 09 14
05 68 63 00 76
02 22 31 55 56
01 77 33 70 32
09 16 87 00 42
02 39 14 76 03
03 19 39 73 37
08 05 25 49 62
02 13 83 20 91
07 75 74 75 89
05 35 66 45 38
09 64 73 69 21
07 78 41 90 51
08 27 50 07 01
03 62 13 24 17
08 74 20 15 12
04 88 79 93 91
04 27 60 79 33
07 11 40 25 20
09 54 61 78 55
06 95 83 01 69
04 11 38 67 50
06 12 70 40 61
09 57 63 21 85
03 99 12 55 81
08 68 76 08 54
03 26 17 86 63
01 79 73 78 77
01 22 37 63 10
02 52 49 31 28
01 54 67 06 80
07 03 49 74 07
01 31 49 19 39
04 32 06 74 44
07 41 51 53 02
02 69 03 13 72
07 74 45 79 51
02 30 55 54 15
07 05 50 72 49
07 91 60 85 49
06 36 34 62 52
05 48 50 17 60
03 76 86 68 64
09 02 70 47 80
02 59 91 45 28
04 71 43 50 87
01 89 18 52 26
04 16 21 36 83
09 47 53 03 16
02 75 65 31 48
01 07 87 92 59
07 40 18 61 12
05 53 35 71 52
06 58 75 92 18
05 70 61 58 34
02 21 37 71 14
09 46 10 13 46
01 73 81 17 61
08 07 67 68 26
05 96 07 16 46
09 78 88 38 34
07 95 72 29 46
08 72 03 05 97
07 30 76 23 66
09 56 62 87 35
06 33 21 92 40
09 04 18 96 74
03 29 96 54 76
06 29 14 31 75
06 25 10 80 75
06 90 16 85 72
03 23 07 41 58
04 85 91 04 62
05 22 14 03 30
09 47 46 92 07
03 61 26 64 03
04 74 36 54 45
06 17 40 08 89
01 35 92 22 28
05 17 07 50 63
01 28 38 23 40
06 89 91 11 41
08 34 11 28 63
01 54 27 50 04
06 62 38 18 39
08 80 94 15 61
01 07 20 77 55
03 24 10 06 40
06 19 41 18 85
04 16 71 00 97
08 63 63 33 75
02 37 00 62 47
07 42 99 28 72
06 50 84 72 21
06 59 91 24 76
09 74 91 41 13
04 02 44 74 53
08 39 12 51 18
09 85 37 91 49
01 96 74 52 66
09 80 85 34 80
09 67 41 62 49
03 71 90 26 78
01 35 24 05 06
04 01 39 11 31
01 95 47 98 90
07 28 85 17 12
05 35 68 67 17
01 56 55 55 61
07 17 08 50 02
08 42 21 38 80
07 03 02 44 12
01 78 92 76 03
08 48 44 90 36
02 57 48 96 97
04 00 86 32 29
09 88 87 42 91
01 20 00 17 12
06 99 56 66 38
09 87 00 12 73
05 45 28 84 76
08 66 00 37 76
08 41 23 67 95
04 89 43 26 06
06 79 41 63 38
08 50 93 88 03
02 78 86 41 64
06 04 39 09 51
06 44 67 49 65
01 23 46 36 14
09 68 65 59 47
04 12 36 14 01
09 35 80 27 72
07 64 76 34 86
06 68 51 81 33
01 33 07 05 74
09 95 51 40 15
03 97 69 23 04
04 33 73 30 08
06 83 53 52 55
01 80 64 70 47
08 70 40 37 86
09 13 02 86 46
04 49 02 18 80
04 79 60 10 51
06 10 98 84 95
03 05 72 09 32
08 68 55 76 85
03 01 55 92 49
02 73 94 32 00
07 12 01 90 68
07 40 53 41 08
08 20 91 61 02
05 95 06 96 16
08 56 71 71 32
09 55 21 65 74
06 86 66 76 88
01 55 11 75 36
07 66 22 75 93
07 79 31 29 86
07 68 80 44 22
08 73 10 09 19
07 04 54 98 56
07 64 91 88 19
03 25 98 15 14
09 29 53 83 20
08 50 41 40 63
04 05 56 47 97
09 02 43 97 24
06 56 97 02 06
03 62 29 01 04
02 93 67 51 37
03 25 92 87 08
08 75 72 63 88
05 97 13 53 63
07 07 55 30 26
04 95 83 25 14
03 83 03 28 96
05 37 31 24 87
07 84 89 34 90
04 74 90 60 21
04 24 45 64 63
02 35 62 07 45
07 65 26 31 34
07 76 90 87 44
07 69 42 52 10
09 10 74 96 60
02 84 14 29 67
08 96 66 83 58
05 05 29 26 19
06 80 50 94 78
06 28 92 92 83
05 96 94 38 69
08 10 02 68 04
07 98 28 18 33
01 16 37 90 98
08 39 13 07 30
07 81 27 83 91
02 73 43 68 86
06 00 85 18 40
01 14 00 45 45
02 83 90 14 57
03 06 73 19 63
01 91 62 65 72
09 47 29 48 14
02 22 58 71 90
04 00 31 24 48
04 46 62 09 02
04 35 05 40 56
08 88 83 40 53
09 10 72 87 89
06 96 14 36 20
05 74 88 80 90
03 00 86 27 99
04 70 43 56 21
05 60 69 42 25
04 99 55 65 14
02 19 17 72 01
08 05 09 15 69
06 74 11 55 57
01 58 76 38 04
01 02 22 24 96
04 12 44 34 39
09 89 32 43 67
08 74 15 18 40
07 95 34 55 96
07 02 94 73 00
01 58 14 24 17
05 74 41 56 67
06 67 30 86 02
07 09 56 64 74
03 74 40 61 31
03 22 38 62 21
09 80 55 71 52
02 97 35 24 84
09 10 45 92 92
03 37 74 75 11
03 83 38 91 23
03 64 21 24 36
05 92 34 78 18
04 57 65 37 51
08 63 33 75 73
03 12 77 12 46
07 28 37 91 05
07 94 02 31 38
03 50 85 35 12
06 58 27 56 19
08 41 67 90 38
05 56 90 59 48
04 53 06 74 95
03 93 67 83 29
04 56 59 86 00
09 69 36 54 76
07 34 77 67 73
07 59 99 50 06
08 63 29 80 94
04 85 75 44 32
03 01 79 28 13
04 68 75 53 63
07 93 40 44 79
06 53 67 90 37
06 19 28 58 14
01 50 03 13 93
08 45 80 98 09
03 84 51 64 54
09 29 73 23 61
01 85 14 11 79
01 98 55 72 25
06 42 94 87 27
05 97 60 07 30
05 76 40 79 57
09 98 78 01 91
08 18 46 82 62
06 45 47 29 17
05 03 04 79 28
06 41 34 01 36
06 88 88 99 34
06 85 06 97 86
01 40 94 73 02
03 14 23 25 78
02 40 50 45 80
04 40 15 94 96
02 61 10 66 30
09 33 84 67 31
09 18 66 77 73
08 24 72 55 80
07 59 97 61 80
03 99 16 85 79
02 45 07 25 92
04 90 28 93 85
03 19 83 67 82
05 36 70 39 30
07 73 66 62 46
08 39 00 21 39
03 84 64 25 10
03 50 51 80 04
01 19 75 35 33
07 30 73 13 91
09 63 87 28 52
02 31 38 41 28
07 60 03 65 18
08 90 46 76 71
01 43 98 75 27
01 06 13 54 35
05 13 73 10 41
06 26 09 25 80
08 93 07 18 75
03 26 24 92 45
08 83 02 65 80
04 79 12 83 33
06 04 37 97 81
05 54 14 15 37
08 63 20 71 97
01 88 40 44 68
01 74 17 35 61
06 52 34 48 95
02 37 20 00 37
02 05 41 16 91
08 78 93 50 97
06 53 83 61 37
09 23 15 38 88
04 79 76 71 72
09 44 68 65 34
01 82 01 49 43
04 70 84 56 85
03 59 91 38 47
05 06 02 53 54
01 78 33 14 00
05 78 83 46 06
06 78 14 48 00
05 05 83 17 15
04 55 29 15 85
08 72 29 33 15
08 88 92 55 48
04 08 04 59 99
05 40 43 21 69
05 42 72 75 95
07 12 29 10 06
06 18 47 36 70
04 67 93 83 53
06 43 80 70 91
08 62 89 41 71
08 59 55 04 47
07 90 59 94 79
01 15 90 15 33
08 07 88 18 45
06 19 12 19 04
07 29 01 17 07
02 50 27 29 11
02 83 67 70 04
05 33 45 36 98
03 54 30 93 09
04 77 32 19 65
05 92 44 13 38
04 56 31 00 20
06 18 43 91 01
09 75 64 76 64
03 02 27 32 19
04 22 01 70 88
05 39 49 23 56
06 66 93 61 13
04 72 67 65 84
09 80 01 44 25
01 31 13 61 62
05 38 21 09 21
06 32 12 29 25
07 04 04 91 49
01 91 02 41 35
06 85 44 77 52
03 46 18 71 33
03 57 30 92 72
07 70 48 52 29
04 03 41 45 32
03 04 32 87 33
03 73 65 07 58
06 76 13 61 86
06 78 09 20 58
05 50 13 92 78
03 38 68 94 19
09 51 33 86 65
01 76 88 59 72
06 54 49 49 22
03 56 53 31 59
02 92 81 11 48
07 84 01 09 94
05 44 67 75 16
04 88 77 91 23
02 58 31 22 49
06 58 77 03 23
09 95 65 20 44
06 95 25 12 50
01 24 89 07 76
05 29 12 41 05
03 47 01 56 58
03 02 39 83 35
07 04 14 61 12
05 21 18 63 34
03 86 53 34 13
07 04 85 63 44
05 77 73 24 11
07 61 23 81 78
06 84 04 76 52
05 53 13 93 11
08 05 23 27 59
06 67 12 02 47
05 08 43 69 05
06 82 13 98 11
02 11 80 57 57
01 50 81 89 00
02 50 81 88 01
02 85 31 04 14
01 51 19 65 53
07 15 28 51 48
06 59 14 56 40
05 87 56 84 91
02 30 34 61 30
02 03 65 09 06
03 06 74 59 90
08 75 24 49 70
01 49 56 13 15
08 06 62 82 38
08 39 02 38 50
02 31 06 57 63
03 79 19 86 09
04 56 74 98 09
05 96 50 15 83
03 57 42 00 29
08 89 98 82 43
02 59 37 57 21
09 17 19 15 60
05 22 53 19 39
04 49 91 09 95
04 15 68 38 92
06 40 90 45 81
01 44 34 99 03
01 94 23 13 17
02 30 11 05 75
03 08 79 83 78
08 12 94 86 42
01 92 34 84 55
03 14 00 44 46
05 48 40 30 69
01 82 83 97 84
05 97 20 67 26
01 03 88 01 51
02 44 98 10 39
08 90 62 35 13
06 69 94 94 25
09 32 93 75 88
09 54 71 76 41
03 49 17 80 04
05 50 55 46 73
05 49 93 19 18
05 59 42 35 06
06 34 87 20 63
07 59 79 53 61
01 23 08 43 24
07 55 72 51 65
03 87 55 81 62
07 24 93 02 08
08 63 24 19 81
01 12 42 98 87
03 26 28 44 43
04 83 54 01 69
07 06 52 35 05
02 10 01 34 21
02 16 18 83 74
04 86 52 73 25
04 08 58 53 02
02 61 97 47 10
02 66 98 90 37
09 77 82 67 47
06 78 28 22 21
05 71 39 20 57
02 16 45 38 84
06 69 26 81 08
08 13 08 91 72
02 41 12 47 48
09 23 53 37 87
03 35 01 33 38
07 00 46 60 55
07 79 18 28 40
05 52 09 12 57
09 57 35 39 13
09 62 78 44 07
08 38 08 04 10
03 19 53 50 52
07 86 02 63 63
06 32 42 99 37
08 08 85 25 51
01 38 46 37 80
05 53 96 87 63
03 05 65 94 03
06 26 29 90 75
05 07 63 59 68
02 03 36 33 74
05 37 35 51 70
04 05 55 01 47
02 74 93 74 89
08 16 24 25 78
04 05 86 76 82
03 29 04 11 02
03 21 84 82 32
02 33 01 15 82
09 53 29 76 73
04 74 81 92 24
08 75 49 14 66
09 37 91 13 68
03 64 56 49 32
08 95 43 55 64
08 59 40 33 19
02 32 45 00 42
05 68 59 60 11
08 69 61 35 35
07 77 63 05 23
07 99 56 74 54
09 27 92 45 87
06 14 94 80 56
09 73 23 39 70
04 58 73 41 82
01 23 59 97 17
05 68 65 50 63
06 25 83 63 04
07 02 45 73 24
05 42 14 44 11
05 29 07 96 13
01 28 74 68 47
02 73 11 77 67
08 50 08 11 77
07 51 31 76 73
05 04 31 72 44
09 51 32 60 49
09 08 09 01 84
08 68 69 16 53
08 83 24 06 37
07 14 14 40 27
06 26 62 18 65
03 85 71 88 37
05 83 72 80 30
08 94 32 91 97
02 31 79 63 74
05 74 95 73 94
04 00 01 93 95
09 78 29 43 69
09 65 45 80 04
01 24 07 48 90
04 10 60 32 93
06 78 69 91 62
07 74 52 31 86
08 34 10 95 52
01 68 03 46 48
06 94 49 07 29
05 05 76 10 79
05 21 51 10 04
06 94 13 41 72
01 25 18 43 30
05 97 67 95 82
03 84 71 29 42
04 89 61 91 80
07 69 08 15 64
06 34 12 90 64
07 09 04 41 55
06 03 11 60 25
02 62 46 96 86
01 86 80 29 62
07 13 19 19 81
09 42 36 85 23
05 47 90 86 62
07 78 97 57 90
04 12 61 00 13
03 59 88 28 02
09 15 09 39 89
06 96 78 75 66
06 26 26 25 37
04 67 15 47 35
04 49 33 66 48
01 91 15 80 20
07 38 29 94 52
05 79 07 04 69
01 32 38 13 83
03 81 71 44 04
05 38 37 12 74
08 54 91 62 05
02 80 57 74 30
08 96 19 24 26
02 61 09 96 60
06 09 07 85 84
05 49 17 05 73
05 65 77 64 95
05 24 42 15 24
01 25 61 50 29
01 02 26 56 71
06 03 83 43 21
05 98 05 35 07
02 94 73 27 82
01 43 34 27 66
09 34 30 22 96
09 56 79 44 70
04 14 78 83 48
08 59 13 05 69
08 24 90 72 19
06 91 91 04 25
09 03 82 75 82
04 40 94 29 28
02 76 92 74 14
09 94 90 72 52
09 65 48 10 08
05 51 21 24 66
05 63 46 53 98
03 29 01 69 49
01 37 38 01 50
09 02 68 87 56
05 20 97 28 26
04 93 88 87 04
05 49 32 17 44
03 97 87 75 81
09 58 15 47 31
02 46 11 11 69
09 68 02 58 49
07 81 66 88 34
06 37 33 10 70
04 17 38 22 55
08 46 98 17 75
01 40 02 10 36
08 35 46 65 52
03 04 03 93 81
03 88 86 48 06
09 61 25 11 53
05 46 91 68 01
09 71 24 90 49
02 34 49 89 71
01 09 89 30 16
09 00 86 05 60
01 08 61 93 25
06 47 21 81 63
09 06 41 23 43
01 11 26 32 09
06 15 99 98 47
02 02 17 12 11
02 35 59 95 67
01 22 72 48 54
07 37 63 30 93
02 67 42 14 43
05 71 24 08 27
03 05 97 75 47
01 62 85 40 55
05 85 32 87 43
08 67 08 35 68
05 19 54 87 45
03 91 42 36 00
06 71 04 35 07
02 24 64 28 14
03 56 02 63 81
06 45 75 91 42
03 01 85 74 10
02 90 68 79 36
02 34 89 03 77
06 02 55 83 74
08 67 58 18 81
08 73 76 78 27
07 31 12 00 81
09 57 10 67 77
01 42 28 02 57
07 06 18 95 51
03 55 32 21 03
01 31 57 05 20
03 63 31 23 32
04 38 72 20 45
06 67 96 67 90
08 27 24 01 07
07 37 38 53 85
07 97 67 72 31
09 39 78 44 07
03 31 82 26 39
04 45 41 70 38
07 14 22 76 78
08 69 49 33 96
07 18 58 59 98
05 10 66 43 04
03 17 72 89 24
02 75 13 90 57
02 61 21 09 99
07 81 25 65 46
06 75 86 40 76
09 41 92 26 64
09 03 64 59 86
03 96 96 90 85
09 30 37 96 96
06 07 73 17 06
03 38 34 99 05
07 89 80 86 93
09 91 76 78 34
04 14 75 75 66
01 93 85 39 55
07 03 52 55 55
02 58 00 49 39
08 66 72 30 28
07 57 18 05 51
01 60 60 16 17
01 60 69 39 87
04 69 21 90 37
08 74 50 26 98
05 78 52 56 05
01 57 41 81 82
06 39 85 59 48
09 44 47 27 99
07 52 01 76 18
02 83 76 14 90
03 51 33 53 36
01 49 29 60 46
04 98 04 76 86
06 18 44 17 38
07 47 74 98 40
02 52 04 10 91
01 68 79 81 24
07 73 36 57 63
07 47 10 85 15
09 81 51 88 44
02 59 72 99 56
04 49 34 84 48
06 20 94 39 25
08 52 92 46 50
04 34 98 82 19
07 34 04 10 70
02 87 43 53 02
03 33 94 21 79
09 82 40 28 04
08 94 19 00 03
03 92 22 75 74
03 96 31 67 14
08 00 11 40 29
02 67 80 23 60
02 24 12 12 81
08 82 82 78 90
06 80 86 80 99
03 42 12 79 98
06 10 59 44 02
05 56 19 29 35
09 03 10 15 94
06 00 04 59 51
01 97 64 48 53
06 16 43 06 05
04 30 73 88 95
03 65 46 43 07
05 97 26 13 37
09 10 86 72 27
01 60 64 01 80
03 09 85 73 92
01 42 85 20 47
02 96 61 93 68
01 71 11 22 19
05 66 25 65 63
03 92 73 84 16
04 09 81 77 95
07 29 87 75 90
01 93 09 43 64
04 93 74 29 66
02 74 56 05 13
09 31 56 96 92
07 14 31 90 02
06 15 10 70 41
07 36 10 79 99
09 83 65 45 44
08 74 83 27 94
02 93 87 17 31
03 97 97 49 51
09 01 96 81 81
01 64 70 79 21
09 31 55 86 98
02 08 50 34 16
08 53 44 74 16
